100 
75 
80 
-27 
-86 
-12 
83 
-38 
92 
-25 
-58 
-65 
41 
-65 
-46 
-43 
-3 
69 
-10 
-82 
-48 
32 
22 
78 
22 
-52 
-4 
6 
-20 
-88 
53 
-26 
30 
-44 
12 
45 
-6 
-64 
-22 
-3 
81 
-74 
-84 
40 
23 
51 
94 
-58 
-83 
-70 
16 
23 
36 
-23 
77 
-53 
62 
88 
-3 
-39 
-87 
48 
22 
-68 
83 
-87 
-98 
19 
19 
-98 
12 
99 
92 
-27 
-54 
-62 
-57 
70 
18 
97 
-100 
0 
93 
10 
82 
36 
68 
20 
87 
17 
-33 
-94 
71 
-30 
96 
-90 
85 
48 
-12 
-59 
-86 
-77 
56 
49 
44 
52 
75 
-85 
20 
-75 
93 
-11 
-93 
85 
28 
-76 
6 
81 
42 
-51 
67 
47 
-93 
-45 
-93 
14 
68 
43 
50 
-77 
68 
52 
96 
-36 
26 
-23 
-51 
64 
-2 
48 
-28 
19 
-26 
68 
-72 
-53 
100 
97 
38 
-22 
74 
75 
76 
78 
13 
69 
-59 
-35 
44 
-62 
-49 
-58 
-87 
-25 
-6 
31 
-66 
76 
-63 
55 
-43 
-94 
20 
27 
20 
-82 
-78 
-77 
-77 
-90 
77 
100 
-61 
90 
-71 
-6 
45 
29 
-44 
51 
-55 
90 
84 
55 
65 
-27 
-54 
-40 
-86 
-49 
-68 
-10 
2 
-81 
64 
-62 
28 
50 
95 
-86 
56 
-7 
75 
-39 
98 
96 
45 
-19 
85 
-49 
-62 
48 
31 
-7 
-11 
-99 
-33 
14 
82 
15 
-24 
44 
-10 
78 
69 
34 
53 
36 
-25 
93 
-84 
10 
-17 
70 
19 
61 
60 
-73 
-43 
91 
-81 
-24 
45 
-44 
96 
-55 
-97 
-27 
-100 
-93 
-21 
-28 
-57 
70 
53 
-96 
62 
100 
-5 
-56 
81 
40 
11 
-51 
29 
-86 
-5 
-71 
-15 
77 
55 
22 
-77 
84 
84 
-45 
-87 
18 
-91 
52 
17 
22 
39 
-54 
-18 
8 
6 
-44 
-19 
16 
100 
8 
-78 
-69 
56 
64 
-78 
34 
-57 
-72 
40 
-47 
53 
39 
60 
78 
-82 
100 
-42 
-41 
37 
-49 
29 
-14 
84 
-43 
33 
72 
38 
-12 
-69 
-89 
34 
-79 
57 
-73 
-5 
-29 
42 
-75 
59 
33 
79 
96 
-46 
-11 
42 
62 
-83 
-72 
92 
1 
-29 
24 
45 
-21 
8 
10 
-83 
73 
-58 
49 
-66 
-3 
44 
-79 
69 
28 
-96 
-90 
65 
-32 
-69 
-43 
-34 
-78 
36 
-74 
15 
32 
45 
32 
55 
92 
18 
50 
-100 
-2 
-63 
-22 
41 
-46 
-59 
24 
-34 
-36 
-89 
51 
-45 
61 
67 
29 
-23 
-8 
-69 
80 
-23 
-78 
-19 
-47 
30 
49 
-52 
84 
-56 
-38 
-59 
-53 
28 
48 
39 
92 
-54 
86 
-6 
-47 
-89 
-8 
-26 
-15 
80 
14 
-12 
-48 
-5 
-50 
45 
-4 
-81 
-10 
-46 
28 
86 
-2 
62 
87 
-36 
-47 
3 
-75 
-91 
53 
1 
4 
-93 
97 
87 
-90 
-68 
54 
49 
68 
-49 
15 
-88 
98 
-58 
-62 
100 
36 
-49 
-77 
88 
-90 
40 
89 
24 
26 
20 
83 
-58 
-64 
-37 
67 
-18 
52 
-27 
93 
-67 
1 
14 
-71 
-24 
-52 
-17 
33 
0 
-4 
-81 
-39 
85 
-75 
-26 
96 
8 
-29 
84 
92 
80 
-4 
33 
-55 
-2 
34 
99 
40 
99 
85 
44 
36 
-68 
-40 
-93 
17 
99 
-1 
-33 
-47 
-52 
-43 
-33 
-82 
-58 
-6 
42 
33 
-95 
-81 
37 
-10 
-53 
81 
-30 
30 
100 
61 
50 
-4 
16 
-100 
71 
-30 
-94 
19 
53 
6 
73 
-15 
-88 
-30 
38 
-26 
-53 
-69 
-32 
-75 
4 
29 
-100 
34 
-61 
85 
-73 
-24 
43 
-2 
-60 
75 
81 
80 
29 
5 
-67 
20 
-64 
-25 
-33 
-15 
5 
-38 
-33 
-52 
34 
-78 
-35 
22 
-2 
33 
22 
66 
-31 
81 
23 
68 
-66 
56 
-6 
54 
-96 
-2 
-21 
-24 
-86 
-14 
33 
66 
-38 
-33 
14 
24 
36 
-49 
-46 
86 
-26 
-45 
-75 
73 
-71 
5 
46 
95 
-98 
82 
-91 
-3 
-97 
-90 
45 
10 
83 
31 
38 
96 
29 
99 
87 
33 
56 
-38 
34 
98 
-80 
70 
25 
-59 
-19 
26 
72 
44 
-38 
-11 
-48 
-99 
48 
-21 
18 
-46 
59 
18 
-15 
-4 
-46 
70 
-72 
64 
-73 
82 
-60 
-46 
9 
11 
-99 
-22 
3 
64 
17 
-94 
-79 
72 
80 
-29 
-7 
-21 
68 
-65 
97 
-32 
38 
78 
92 
-15 
41 
46 
-42 
-47 
-15 
5 
82 
-66 
33 
-14 
55 
33 
53 
27 
41 
-6 
75 
-38 
68 
-29 
-77 
32 
-92 
72 
26 
6 
-10 
-89 
-23 
69 
41 
-66 
97 
-49 
-85 
-19 
78 
19 
82 
12 
-42 
-38 
52 
-23 
16 
-84 
74 
43 
-65 
-49 
100 
-6 
52 
-62 
16 
31 
-18 
65 
57 
28 
9 
-28 
-6 
1 
-60 
4 
93 
-74 
-46 
63 
13 
5 
30 
-15 
56 
-20 
83 
76 
-54 
59 
-57 
-24 
27 
86 
-25 
3 
78 
45 
31 
9 
92 
-43 
82 
87 
-60 
76 
-6 
5 
-46 
-29 
-7 
72 
-2 
46 
-26 
20 
44 
96 
-10 
-76 
-3 
46 
-96 
-6 
98 
-55 
83 
0 
64 
-73 
-29 
-61 
76 
70 
28 
55 
-14 
51 
-41 
10 
-10 
97 
87 
-66 
91 
60 
41 
79 
-97 
-31 
55 
89 
69 
16 
9 
38 
-1 
-82 
26 
42 
55 
-20 
7 
87 
-44 
91 
98 
1 
48 
-5 
-31 
46 
30 
29 
-77 
-83 
16 
-20 
38 
61 
86 
-37 
-55 
96 
15 
68 
-7 
47 
71 
97 
-49 
1 
-45 
-29 
-39 
-52 
-15 
96 
85 
59 
-5 
20 
-51 
-7 
-45 
-57 
-46 
-28 
-34 
99 
50 
-16 
-34 
-96 
37 
12 
-8 
25 
-58 
-97 
-51 
-59 
-87 
-88 
-90 
-63 
-73 
62 
72 
-35 
-87 
-6 
-31 
-41 
95 
82 
56 
-56 
-44 
43 
86 
7 
-11 
73 
58 
-25 
-71 
61 
55 
-95 
-31 
-24 
19 
-28 
5 
-93 
0 
59 
-73 
-6 
-7 
-57 
55 
93 
-22 
-82 
82 
-91 
33 
98 
-91 
-22 
6 
11 
-87 
19 
66 
-50 
-96 
77 
12 
-43 
-90 
72 
-68 
63 
-62 
70 
45 
-63 
36 
-26 
79 
1 
96 
-10 
-79 
23 
-48 
49 
78 
-80 
17 
-52 
12 
-41 
-92 
76 
